0 0.754252 0.836792 0.755819 0.784313 0.680986 0.780062 0.67942 0.832541
0 0.757024 0.775202 0.757774 0.726926 0.684601 0.724763 0.683851 0.77304
0 0.775831 0.136103 0.778287 0.0910089 0.671822 0.0799731 0.669366 0.125067
0 0.282866 0.799215 0.283628 0.748087 0.177274 0.745071 0.176513 0.7962
0 0.751533 0.893 0.753395 0.845597 0.675506 0.839775 0.673644 0.887177
0 0.242977 0.47235 0.244886 0.380307 0.0627695 0.373118 0.0608603 0.465161
0 0.392035 0.102718 0.393081 0.0576707 0.314567 0.0542001 0.313521 0.0992477
0 0.52265 0.817891 0.523322 0.768503 0.408662 0.765536 0.40799 0.814924
0 0.667299 0.715127 0.669102 0.655232 0.39012 0.639256 0.388318 0.699152
0 0.365075 0.699852 0.370239 0.559854 0.102334 0.541045 0.0971696 0.681043
0 0.417516 0.526637 0.41819 0.656128 0.662958 0.653704 0.662284 0.524213
0 0.738771 0.402756 0.739101 0.367894 0.610263 0.365577 0.609933 0.400439
0 0.669659 0.944791 0.669818 0.90493 0.520865 0.903801 0.520706 0.943661
0 0.669883 0.830229 0.670373 0.794817 0.521925 0.790902 0.521435 0.826315
0 0.400629 0.39806 0.402025 0.335549 0.0813334 0.321926 0.0799381 0.384437
0 0.565638 0.386757 0.566362 0.350478 0.249313 0.338441 0.24859 0.37472
0 0.534449 0.761986 0.536303 0.713508 0.247219 0.692465 0.245365 0.740942
0 0.66308 0.962827 0.663964 0.940894 0.525689 0.930282 0.524805 0.952215
0 0.653677 0.173085 0.654039 0.120334 0.284719 0.115517 0.284357 0.168267
0 0.405785 0.268042 0.406837 0.221958 0.100394 0.20865 0.0993426 0.254734
0 0.414169 0.217482 0.415207 0.161951 0.0966984 0.150612 0.0956597 0.206143
0 0.730157 0.398764 0.730623 0.363457 0.470715 0.356936 0.47025 0.392243
0 0.677623 0.253011 0.678676 0.171892 0.333391 0.163367 0.332339 0.244486
0 0.412149 0.341318 0.414242 0.288375 0.0771311 0.263003 0.0750373 0.315946
0 0.764742 0.30945 0.766342 0.242273 0.416532 0.226411 0.414931 0.293587
0 0.639701 0.36524 0.6459 0.413354 0.718823 0.395474 0.712624 0.347361
0 0.478455 0.185757 0.478884 0.0945494 0.149963 0.0915995 0.149534 0.182807
0 0.739932 0.371804 0.741602 0.297186 0.39557 0.282455 0.3939 0.357073
0 0.65718 0.290282 0.658222 0.23532 0.307802 0.222669 0.30676 0.277631
0 0.120459 0.102701 0.121617 0.163264 0.395609 0.153291 0.394451 0.0927274
0 0.581238 0.352123 0.582379 0.28654 0.227221 0.27478 0.22608 0.340363
0 0.673206 0.65127 0.674297 0.571246 0.599623 0.569308 0.598532 0.649333
0 0.376779 0.0947807 0.377116 0.213144 0.673704 0.21154 0.673368 0.0931771
